1.000000 0.000000 0.000000 1.000000
1.000000 0.384314 0.000000 1.000000
1.000000 0.564706 0.000000 1.000000
1.000000 0.784314 0.000000 1.000000
1.000000 1.000000 0.000000 1.000000
0.549020 0.784314 0.000000 1.000000
0.054902 0.674510 0.000000 1.000000
0.000000 0.494118 0.247059 1.000000
0.000000 0.627451 0.764706 1.000000
DIV:A

0.000000 0.364706 0.694118 1.000000
0.000000 0.066667 0.658824 1.000000
0.376471 0.000000 0.631373 1.000000
0.776471 0.000000 0.486275 1.000000
1.000000 0.627451 0.584314 1.000000
1.000000 0.764706 0.584314 1.000000
1.000000 0.839216 0.584314 1.000000
1.000000 0.929412 0.584314 1.000000
0.964706 1.000000 0.584314 1.000000
DIV:B

0.803922 0.992157 0.584314 1.000000
0.564706 0.964706 0.666667 1.000000
0.584314 0.886275 0.992157 1.000000
0.564706 0.729412 0.964706 1.000000
0.584314 0.556863 0.949020 1.000000
0.874510 0.556863 0.956863 1.000000
1.000000 0.584314 0.776471 1.000000
1.000000 1.000000 1.000000 0.003922
0.749020 0.176471 0.482353 1.000000
DIV:C

0.384314 0.000000 0.109804 1.000000
0.282353 0.000000 0.282353 1.000000
0.600000 0.200000 1.000000 1.000000
0.129412 0.266667 0.266667 1.000000
0.627451 0.756863 0.631373 1.000000
0.000000 0.137255 0.329412 1.000000
0.101961 0.458824 0.764706 1.000000
0.392157 0.000000 0.000000 1.000000
0.000000 0.392157 0.000000 1.000000
DIV:D

0.000000 0.000000 0.392157 1.000000
0.631373 0.631373 0.631373 0.694118
0.274510 0.274510 0.274510 0.694118
1.000000 0.000000 0.000000 0.694118
1.000000 0.384314 0.000000 0.694118
1.000000 0.564706 0.000000 0.694118
1.000000 0.784314 0.000000 0.694118
1.000000 1.000000 0.000000 0.694118
0.549020 0.784314 0.000000 0.694118
DIV:E

0.054902 0.674510 0.000000 0.694118
0.000000 0.627451 0.764706 0.694118
0.000000 0.364706 0.694118 0.694118
0.000000 0.066667 0.658824 0.694118
0.376471 0.000000 0.631373 0.694118
0.776471 0.000000 0.486275 0.694118
0.000000 0.000000 0.000000 0.694118
1.000000 1.000000 1.000000 1.000000
0.819608 0.819608 0.819608 1.000000

DIV:F

0.537255 0.537255 0.537255 1.000000
0.274510 0.274510 0.274510 1.000000
0.176471 0.176471 0.176471 1.000000
0.086275 0.086275 0.086275 1.000000
0.000000 0.000000 0.000000 1.000000
0.839216 0.756863 0.647059 1.000000
0.737255 0.611765 0.454902 1.000000
0.584314 0.419608 0.219608 1.000000
0.529412 0.364706 0.164706 1.000000
DIV:G

0.427451 0.266667 0.066667 1.000000
DIV:H
